0000000001100100
1000001000000001
0000000001100101
1000001000001000
1110100000000000
0100111100000111
0010000100001100
0000000001100101
1000001000000001
1000111000010000
1100000000000001
0001000011001100
0000000001100110
1000001000001000
1110100000000000
0100111100010001 
0010000100010110
0000000001100110
1000001000000001
1000111000010000
1100000000000010
0001000011001100
0000000001100111
1000001000001000
1110100000000000
0100111100011011
0010000100100000 
0000000001100111
1000001000000001
1000111000010000
1100000000000011
0001000011001100
0000000001101000 
1000001000001000
1110100000000000
0100111100100101
0010000100101010
0000000001101000
1000001000000001
1000111000010000
1100000000000100
0001000011001100
0000000001101001
1000001000001000
1110100000000000
0100111100101111
0010000100110100
0000000001101001
1000001000000001
1000111000010000
1100000000000101
0001000011001100
0000000001101010
1000001000001000
1110100000000000
0100111100111001
0010000100111110
0000000001101010
1000001000000001
1000111000010000
1100000000000110
0001000011001100
0000000001101011  
1000001000001000
1110100000000000
0100111101000011 
0010000101001000
0000000001101011
1000001000000001
1000111000010000
1100000000000111
0001000011001100
0000000001101100
1000001000001000
1110100000000000
0100111101001101
0010000101010010
0000000001101100
1000001000000001
1000111000010000
1100000000001000
0001000011001100
0000000001101101
1000001000001000
1110100000000000
0100111101010111
0010000101011100
0000000001101101
1000001000000001
1000111000010000
1100000000001001
0001000011001100
0000000001101110
1000001000001000
1110100000000000
0100111101100001
0010000101100110
0000000001101110
1000001000000001
1000111000010000
1100000000001010
0001000011001100
0000000001101111
1000001000001000
1110100000000000
0100111101101011
0010000101110000
0000000001101111
1000001000000001
1000111000010000
1100000000001011
0001000011001100
0000000001110000
1000001000001000
1110100000000000
0100111101110101
0010000101111010
0000000001110000
1000001000000001
1000111000010000
1100000000001100
0001000011001100
0000000001110001
1000001000001000
1110100000000000
0100111101111111
0010000110000100
0000000001110001
1000001000000001
1000111000010000
1100000000001101
0001000011001100
0000000001110010
1000001000001000
1110100000000000
0100111110001001
0010000110001110
0000000001110010
1000001000000001
1000111000010000
1100000000001110
0001000011001100
0000000001110011
1000001000001000
1110100000000000
0100111110010011
0010000110011000
0000000001110011
1000001000000001
1000111000010000
1100000000001111
0001000011001100
0000000001110100
1000001000001000
1110100000000000
0100111110011101
0010000110100010
0000000001110100
1000001000000001
1000111000010000
1100000000010000
0001000011001100
0000000001110101
1000001000001000
1110100000000000
0100111110100111
0010000110101100
0000000001110101
1000001000000001
1000111000010000
1100000000010001
0001000011001100
0000000001110110
1000001000001000
1110100000000000
0100111110110001
0010000110110110
0000000001110110
1000001000000001
1000111000010000
1100000000010010
0001000011001100
0000000001110111
1000001000001000
1110100000000000
0100111110111011
0010000111000000
0000000001110111
1000001000000001
1000111000010000
1100000000010011
0001000011001100
1000001000000010
0001000011001000